   1734 296658058
    494 20226098
    451 109213963
    432 100091090
    224 334095530
    212 52272721
    205 1969429200
    196 135858701
    192 1528570202
    174 540114760
    155 545181844
    146 1803720314
    143 109902362
    122 358269079
    119 57189323
    104 282370910
    100 283864891
     99 374278278
     82 321118040
     82 1497085517
     77 616618652
     75 280754621
     73 1816422065
     72 4036417663
     71 372426144
     66 483270183
     66 368885808
     65 83715386
     65 75306666
     59 355654248
     59 1299733662
     58 61382708
     51 474989529
     45 4030706955
     41 541001620
     41 1838055399
     39 325890444
     33 342404009
     32 549349097
     31 96943120
     31 529053069
     26 1323257970
     25 1796305972
     25 1664426420
     23 372035481
     21 30701629
     20 386382180
     18 110687265
     17 71460767
     17 41625506
     15 11997809
     14 296508803
     12 74572013
     12 3248162956
     10 90348498
     10 1401759075
     10 1343967564
      9 124923973
      7 63728035
      7 574000875
      7 4016712418
      7 3267498124
      7 1647240833
      6 3810738776
      6 293989186
      6 274802291
      5 545524942
      5 4015773754
      5 15723173
      5 1341334825
      4 69961016
      4 539474416
      4 297758090
      3 554972931
      3 395732119
      3 292636281
      3 19511725
      3 17944090
      2 62493159
      2 444666870
      2 32548656
      2 13905905
      2 120683830
      1 93825695
      1 373104028
      1 3721880397
      1 308090480
      1 1552567574
      1 135134941
